#ifndef _EVALUATE_H_
#define _EVALUATE_H_
#define w_num 3
#define FIRST 0
#define MIDDLE 25
#define FINAL 50

int eva_board[8][8] = {
  {68, -12,  53,   -8,  -8, 53, -12,  68},
  {-12,-62, -33,  -7,   -7, -33, -62, -12},
  {	53,-33,  26,  8,  8,  26,  -33,   53},
  {-8,  -7, 8,   -18,  -18, 8,  -7,  -8},
  {-8,  -7, 8,   -18,  -18, 8,  -7,  -8},
  {	53,-33,  26,  8,  8,  26,  -33,   53},
  {-12,-62, -33,  -7,   -7, -33, -62, -12},
  {68, -12,  53,   -8,  -8, 53, -12,  68}
};

#endif